
filtered_p:(17.90, -45.70, -3.05)  zb:(0.212586,0.122752,0.969401)
filtered_p:(17.90, -45.70, -2.95)  zb:(0.212586,0.122752,0.969401)
filtered_p:(17.90, -45.70, -2.85)  zb:(0.212586,0.122752,0.969401)
filtered_p:(17.90, -45.70, -2.75)  zb:(0.212586,0.122752,0.969401)
filtered_p:(17.90, -45.70, -2.65)  zb:(0.212586,0.122752,0.969401)
filtered_p:(17.90, -45.70, -2.55)  zb:(0.212586,0.122752,0.969401)
filtered_p:(17.90, -45.70, -2.45)  zb:(0.211613,0.127470,0.969005)
filtered_p:(17.90, -45.70, -2.35)  zb:(0.207550,0.138136,0.968422)
filtered_p:(17.90, -45.70, -2.25)  zb:(0.204456,0.139319,0.968911)
filtered_p:(17.90, -45.70, -2.15)  zb:(0.230206,0.138492,0.963237)
filtered_p:(17.90, -45.70, -2.05)  zb:(0.230206,0.138492,0.963237)
filtered_p:(17.90, -45.70, -1.95)  zb:(0.230206,0.138492,0.963237)
filtered_p:(17.90, -45.70, -1.85)  zb:(0.230206,0.138492,0.963237)
filtered_p:(17.90, -45.70, -1.75)  zb:(0.230206,0.138492,0.963237)
filtered_p:(17.90, -45.70, -1.65)  zb:(0.230206,0.138492,0.963237)
filtered_p:(17.90, -45.70, -1.55)  zb:(0.222653,0.144427,0.964140)
filtered_p:(17.90, -45.70, -1.45)  zb:(0.233816,0.151564,0.960395)
filtered_p:(17.90, -45.70, -1.35)  zb:(0.233816,0.151564,0.960395)
filtered_p:(17.90, -45.70, -1.25)  zb:(0.233816,0.151564,0.960395)
filtered_p:(17.90, -45.70, -1.15)  zb:(0.233816,0.151564,0.960395)
filtered_p:(17.90, -45.70, -1.05)  zb:(0.233816,0.151564,0.960395)
filtered_p:(17.90, -45.70, -0.85)  zb:(0.248394,0.148001,0.957286)
filtered_p:(17.90, -45.70, -0.95)  zb:(0.248394,0.148001,0.957286)
filtered_p:(17.90, -45.70, -0.75)  zb:(0.235348,0.144769,0.961069)
filtered_p:(17.90, -45.70, -0.65)  zb:(0.235483,0.141205,0.961566)
filtered_p:(17.90, -45.70, -0.55)  zb:(0.236920,0.122817,0.963735)
filtered_p:(17.90, -45.70, -0.45)  zb:(0.236920,0.122817,0.963735)
filtered_p:(17.90, -45.70, -0.35)  zb:(0.236920,0.122817,0.963735)
filtered_p:(17.90, -45.70, -0.25)  zb:(0.236920,0.122817,0.963735)
filtered_p:(17.90, -45.70, -0.15)  zb:(0.236920,0.122817,0.963735)
filtered_p:(17.90, -45.70, -0.05)  zb:(0.236920,0.122817,0.963735)
filtered_p:(17.90, -45.70,  0.05)  zb:(0.212586,0.122752,0.969401)
filtered_p:(17.90, -45.70,  0.15)  zb:(0.212586,0.122752,0.969401)
filtered_p:(17.90, -45.70,  0.25)  zb:(0.212586,0.122752,0.969401)
filtered_p:(17.90, -45.70,  0.35)  zb:(0.212586,0.122752,0.969401)
filtered_p:(17.90, -45.70,  0.45)  zb:(0.212586,0.122752,0.969401)
filtered_p:(17.90, -45.70,  0.55)  zb:(0.212586,0.122752,0.969401)
filtered_p:(17.90, -45.70,  0.65)  zb:(0.211613,0.127470,0.969005)
filtered_p:(17.90, -45.70,  0.75)  zb:(0.207550,0.138136,0.968422)
filtered_p:(17.90, -45.70,  0.85)  zb:(0.204456,0.139319,0.968911)
filtered_p:(17.90, -45.70,  0.95)  zb:(0.204456,0.139319,0.968911)
filtered_p:(17.90, -45.70,  1.05)  zb:(0.230206,0.138492,0.963237)
filtered_p:(17.90, -45.70,  1.15)  zb:(0.230206,0.138492,0.963237)
filtered_p:(17.90, -45.70,  1.25)  zb:(0.230206,0.138492,0.963237)
filtered_p:(17.90, -45.70,  1.35)  zb:(0.230206,0.138492,0.963237)
filtered_p:(17.90, -45.70,  1.45)  zb:(0.230206,0.138492,0.963237)
filtered_p:(17.90, -45.70,  1.55)  zb:(0.222653,0.144427,0.964140)
filtered_p:(17.90, -45.70,  1.65)  zb:(0.233816,0.151564,0.960395)
filtered_p:(17.90, -45.70,  1.75)  zb:(0.233816,0.151564,0.960395)
filtered_p:(17.90, -45.70,  1.85)  zb:(0.233816,0.151564,0.960395)
filtered_p:(17.90, -45.70,  1.95)  zb:(0.233816,0.151564,0.960395)
filtered_p:(17.90, -45.70,  2.05)  zb:(0.233816,0.151564,0.960395)
filtered_p:(17.90, -45.70,  2.15)  zb:(0.233816,0.151564,0.960395)
filtered_p:(17.90, -45.70,  2.25)  zb:(0.248394,0.148001,0.957286)
filtered_p:(17.90, -45.70,  2.35)  zb:(0.235348,0.144769,0.961069)
filtered_p:(17.90, -45.70,  2.45)  zb:(0.235483,0.141205,0.961566)
filtered_p:(17.90, -45.70,  2.55)  zb:(0.236920,0.122817,0.963735)
filtered_p:(17.90, -45.70,  2.65)  zb:(0.236920,0.122817,0.963735)
filtered_p:(17.90, -45.70,  2.75)  zb:(0.236920,0.122817,0.963735)
filtered_p:(17.90, -45.70,  2.85)  zb:(0.236920,0.122817,0.963735)
filtered_p:(17.90, -45.70,  2.95)  zb:(0.236920,0.122817,0.963735)
filtered_p:(17.90, -45.70,  3.05)  zb:(0.236920,0.122817,0.963735)



















